191 474 432 17
623 491 498 20
786 297 24 200
798 268 63 32
822 210 16 62
822 196 58 15
872 208 16 34
888 221 25 21
854 292 18 209
619 -14 56 14
631 -1 32 25
544 -223 10 47
554 -175 9 53
563 -119 12 13
579 -102 4 6
585 -92 12 21
601 -64 17 22
618 -42 8 27
665 -56 9 38
676 -88 15 24
697 -130 14 37
712 -153 9 19
721 -189 10 36
737 -212 6 12
747 -228 3 6
752 -236 2 3
493 -274 306 19
800 -332 19 54
823 -546 18 210
477 -326 20 51
465 -547 13 219
480 -562 109 14
716 -560 111 11
589 -573 125 10
586 -508 30 28
688 -506 33 26
554 -401 26 68
578 -354 141 24
721 -400 25 70
628 -160 35 35
645 -128 7 75
619 -114 27 6
650 -111 26 6
637 -58 11 7
637 -51 7 39
653 -56 18 3
661 -53 7 35
1249 627 82 14
1023 641 226 18
830 659 193 15
173 493 16 121
173 614 34 0
207 614 113 25
341 639 13 0
317 636 175 16
502 648 204 16
698 648 142 13
1122 492 207 11
1329 503 18 128
