595.0 6.0
-1475.0 -11.0
1225 147 0 0
1246 417 16 366
1250 117 0 0
530 800 821 78
1798 471 0 0
-710 793 1307 71
-1238 492 463 100
-1586 140 283 74
89 -513 416 146
-1165 -537 565 124
-866 -256 92 480
-1705 1224 761 34
-976 1224 3815 29
343 604 0 0
472 630 0 0
592 800 0 0
215 643 0 0
531 782 0 0
531 777 0 0
354 707 0 0
50 782 1195 42
-13 547 609 334
1211 102 58 736
1299 758 0 0
1311 774 0 0
1311 775 0 0
1337 764 0 0
1337 764 0 0
1259 735 157 165
1440 401 421 75
1399 206 291 35
187 164 673 64
-696 -157 608 185
-95 -236 223 265
-497 318 257 257
