-1152 627 857 52
-1865 502 649 124
-178 746 1207 1
899 233 0 1
100 -166 91 5
100 -166 7 90
101 -82 93 7
241 -170 80 12
241 -170 8 90
241 -84 82 6
310 -163 13 85
352 -168 12 89
364 -92 25 13
413 -91 43 8
414 -170 10 79
500 -169 17 95
564 -160 77 9
564 -160 6 49
570 -111 69 5
629 -106 10 34
560 -81 69 9
667 -171 13 89
709 -165 60 15
709 -165 8 83
710 -99 61 13
771 -164 7 65
808 -165 10 85
811 -163 40 9
844 -156 9 54
849 -113 17 7
866 -172 9 90
120 332 0 0
139 340 1 1
-3130 664 4489 309
-1844 -508 568 71
